! Valeur fournie par le service couche minces
lambda     n       k
290	2.28	0
380	2.265	0.0696
400	2.204	0.01535
430	2.107	0.003041
450	2.075	0.0003273
480	2.07076	0
500	2.05174	0
520	2.03548	0
540	2.02144	0
560	2.00923	0
580	1.99852	0
600	1.98908	0
620	1.98069	0
640	1.97322	0
660	1.96652	0
680	1.96049	0
700	1.95504	0
720	1.95009	0
740	1.94559	0
760	1.94148	0
780	1.93772	0
800	1.93426	0
820	1.93108	0
840	1.92814	0
860	1.92543	0
880	1.92291	0
900	1.92057	0
920	1.91839	0
940	1.91637	0
960	1.91447	0
980	1.9127	0
1000	1.91104	0
1020	1.90948	0
1040	1.90802	0
1060	1.90664	0
1080	1.90535	0
1100	1.90412	0
1120	1.90297	0
1140	1.90188	0
1160	1.90084	0
1180	1.89986	0
1200	1.89894	0
1220	1.89806	0
1240	1.89722	0
1260	1.89642	0
1280	1.89567	0
1300	1.89495	0
1320	1.89426	0
1340	1.8936	0
1360	1.89298	0
1380	1.89238	0
1400	1.8918	0
1420	1.89126	0
1440	1.89073	0
1460	1.89023	0
1480	1.88975	0
1500	1.88929	0
1520	1.88885	0
1540	1.88842	0
1560	1.88801	0
1580	1.88762	0
1600	1.88724	0
1620	1.88688	0
1640	1.88653	0
1660	1.88619	0
1680	1.88586	0
1700	1.88555	0
1720	1.88525	0
1740	1.88496	0
1760	1.88468	0
1780	1.8844	0
1800	1.88414	0
1820	1.88389	0
1840	1.88364	0
1860	1.8834	0
1880	1.88317	0
1900	1.88295	0
1920	1.88273	0
1940	1.88253	0
1960	1.88232	0
1980	1.88213	0
2000	1.88194	0
2020	1.88175	0
2040	1.88157	0
2060	1.8814	0
2080	1.88123	0
2100	1.88107	0
2120	1.88091	0
2150	1.88075	0
2500	1.88	0



! Valeur de la publi de Jellison PRB 1998 35,7 3586
E	e1o	e2o	e1e	e1e
2.80	4.4	0	4.4	0
2.9	4.6	0	4.6	0
3	4.8	0	4.8	0
3.1	5	0	5	0
3.12	5.1	0	5.1	0
3.14	5.2	0	5.2	0
3.16	5.3	0	5.3	0
3.18	5.4	0.05	5.3	0
3.2	5.6	0.1	5.4	0
3.22	5.8	0.15	5.6	0.05
3.24	6	0.2	5.7	0.05
3.26	6.5	0.5	6	0.1
3.28	7.15	1	6.25	0.2
3.29	7.5	1.4	6.5	0.225
3.3	7.5	2.3	6.7	0.25
3.31	6.8	2.9	7	0.5
3.32	6.1	3	7.4	1
3.33	5.5	2.7	7.7	1.6
3.34	5.4	2.5	7.5	2.5
3.35	5.35	2.45	6.5	3.1
3.36	5.3	2.5	6.1	3
3.38	5	2.6	5.6	2.7
3.4	4.7	2.4	5.5	2.7
3.42	4.5	2.2	5.2	2.7
3.44	4.5	2.1	4.8	2.6
3.46	4.4	2	4.6	2.4
3.48	4.3	2	4.6	2.3
3.5	4.2	1.9	4.5	2.3
3.6	4.1	1.8	4.2	1.9
3.8	4	1.6	4.2	1.8
4	3.8	1.6	4	1.8
4.2	3.7	1.5	3.8	1.7
4.4	3.6	1.5	3.7	1.7
4.6	3.5	1.5	3.5	1.7
4.8	3.4	1.4	3.4	1.6
5	3.4	1.4	3.4	1.6		
